0.09022751228606447
0.08691164819484061
0.08510820694426273
0.08412867816204721
0.08116711359074776
0.07845550046322193
0.07882579748934888
0.07531095835122656
0.07302847671064924
0.07258156306566076
0.07136140018701553
0.07024272198372698
0.06989838769461246
0.06698418440336877
0.06810855667324776
0.07133363488506764
0.0675702932033133
0.06628171275270746
0.06409835514236004
0.0651037946660468
0.06763417820664162
0.06455595252361704
0.06367280207415844
0.06298450364711437
0.06295482433856801
0.06138884387117751
0.061493014639362374
0.059390170460051676
0.06134628900822173
0.05993952942972488
0.05892040762812533
0.05878844960255826
0.05819425581300512
0.05830348520836932
0.05778864485786316
0.05726358706646777
0.057959177075548374
0.06018658418287622
0.05495938064253077
0.05589591497753529
0.05506679645561157
0.05583715430916624
0.053607345499256824
0.05377299996449592
0.05421412419131462
0.05161443067357895
0.05245563134234002
0.05169047454887248
0.05057875376115454
0.05248646612497086
0.055126504932946345
0.051158771473676604
0.05121554362964123
0.05037288462862055
0.049581842378098914
0.04831110400722382
0.05059008601498097
0.04837623888507803
0.049016193585827
0.04748812381257402
0.04695770770628402
0.048187439904568044
0.04781155415037845
0.04674648873983545
0.04507889218152838
0.04591142877619317
0.04574834888285779
0.0454949270537559
0.045095938555103667
0.044856606645787014
0.043932435201837663
0.043238625722996735
0.044116736726557956
0.043681981874273176
0.04359688173900259
0.042967350717554705
0.04236865368612269
0.0421545980300041
0.04167627265795748
0.04203417144240217
0.04257127642631531
0.042695914097922914
0.04138324877366106
0.04035295617390186
0.04232810120633308
0.042494332061168996
0.03958571361417466
0.039535169271712606
0.03879898952993941
0.038915003313029065
0.03904650296936644
0.03849734239121701
0.03781391648536033
0.03818017426640429
0.037552820954551085
0.037848679943287625
0.037278952830015345
0.037275024709549354
0.03835304604565844
0.03689206692766636
0.03627346273749433
0.03635199431409227
0.0368018073445939
0.036355738230842226
0.03620324164946029
0.035783035720282415
0.03541076920451002
0.034918352010402276
0.03544331508431029
0.0343538945976724
0.03543256770106072
0.03565645986732016
0.03540885591126503
0.034005804106276086
0.0337399433347139
0.034347142073068215
0.03346106556660317
0.03302729886738544
0.033227601227291084
0.03342282098341495
0.033051777829198124
0.03248272198153303
0.03184186465087089
0.03200528778611345
0.03159262287489911
0.0317927508595142
0.03177717007062537
0.03160306898520348
0.031839337199926376
0.03175847422569356
0.030874648230507017
0.030721287738452566
0.03125745176951936
0.03092896672797964
0.030111311043196535
0.030020740081338173
0.030780247194652863
0.029688313365616698
0.029516012982485143
0.02879248408878103
0.02904434636869329
0.029049671829697934
0.02893468511706971
0.028418446712671443
0.028610638283351635
0.02881368990749755
0.029438413877753502
0.028998511665044947
0.028889340685403095
0.02905257153225706
0.027792015053490375
0.027548517278851346
0.027826906716886986
0.027633282573933295
0.02737446791155541
0.027864694357552428
0.027314066371702132
0.026556983629756784
0.026879507810511488
0.026609738773487983
0.026730579898712484
0.025878813870726748
0.026021191255843387
0.02664190796302988
0.025873100266177604
0.02563234216513786
0.02581212911358539
0.02899687186359091
0.026446480145479772
0.025434951793323172
0.02534448521885466
0.025111834340273066
0.024624048950190238
0.025100041339372065
0.025437145038171016
0.0244028730357581
0.024380090864414863
0.0243187916484919
0.024987277198345103
0.024232046242724074
0.0240471990818673
0.02372323158890643
0.023857381789291157
0.023321203966724113
0.023738849789221236
0.02368896886547829
0.023783319887328656
0.023377747968473334
0.023319804644648064
0.023149570569078973
0.023022797949453618
0.02269435170641605
0.023406768851774805
0.02240263781649001
0.02252411224106525
0.024459374275930385
0.024139676282697534
0.023018321696114032
0.02299736428292508
0.022349170310066103
0.022294706209225856
0.022574960908040086
0.0222463653363446
0.022448629101223135
0.022396413490493247
0.022082728710263334
0.022622550976403217
0.021433159788238242
0.0211480097012951
0.021129302363446418
0.02068847893400395
0.02107372927538892
0.02078442762982338
0.021805704274076097
0.021007093105544435
0.02096208763566423
0.020837873973427935
0.020921544231315876
0.020809203346676016
0.020312074215171186
0.02079517295227406
0.020941836323509825
0.020731463711312476
0.020211508101288307
0.020962939181543412
0.019847246600275346
0.01979743625889433
0.020235997882295163
0.02059047930735223
0.02019723465150975
0.019859009323284983
0.019388019681928007
0.01974250780458146
0.019717381989702264
0.01914732724903746
0.01909717136716589
0.019561417757513674
0.01950889806005549
0.019075563573773872
0.019190677976671684
0.01906588023647349
0.018998651230271828
0.018964231450189935
0.018706334318886412
0.019053855514589775
0.018777446979854968
0.02324250800178406
0.019321000599797737
0.018775005131325823
0.01823575921515201
0.01853533703437511
0.018562402734731104
0.01876449668185508
0.01802638422777044
0.01816292919535586
0.018359448721117163
0.01848769802203838
0.018073157427158763
0.01816883088743433
0.018006511864827036
0.018264859518472183
0.01784422383346456
0.017785401142975117
0.017716768613838134
0.019565625948474764
0.017979153015829148
0.017402647895381807
0.017618258226108043
0.01745337109140893
0.0186166856834229
0.01747031145273371
0.017692223310153535
0.01732865514907431
0.017324316335168292
0.017279982091264523
0.017401637905772697
0.017337049337777685
0.017785412477369002
0.0176290196782731
0.017026567831635475
0.01682902834913198
0.016736754553115116
0.016281225936526946
0.016685816954742087
0.01653305348008871
0.01680120009374111
0.016931008230498496
0.017028066389104153
0.016631068800516586
0.01686062154538454
0.016788301712020913
0.016650025613923022
0.016481308325966622
0.016369420737820738
0.016334399878186114
0.016822527658115042
0.016263122591090962
0.016291586702015807
0.016579941767168805
0.022356913484474446
0.016357503078402356
0.015920134538665733
0.01633094899118581
0.01815043411594122
0.015977496043481726
0.01593431164609625
0.015653839196137925
0.016143902779576627
0.0156448271442601
0.015558849683308855
0.015536827213586644
0.015274776462861833
0.016014786873092043
0.016041141340231643
0.01620444695049144
0.01582557387015921
0.015427135208502729
0.015153011049520462
0.015274309989144193
0.015415014243347848
0.015213294469929755
0.015162706494014314
0.015517638223443894
0.015019496684854335
0.015467241624409848
0.015190909537387656
0.015479295871200715
0.015060334922151362
0.014912292678305444
0.015555150331334864
0.01535047830498599
0.015550073394750027
0.015115761534964784
0.01475893581246442
0.015050368046665446
0.015617818254581157
0.014839374460279942
0.014840773168079396
0.015406954538156378
0.014954679308736578
0.014714276101043883
0.017658497187051366
0.015547518023943647
0.014931841872315457
0.014962975034846905
0.014548801836815286
0.014529610013074063
0.01497515090840294
0.015355049176736081
0.015028385980490675
0.01454387200956649
0.014750252121147956
0.014501410992221629
0.01446982909073221
0.014389251556960827
0.014226022255706025
0.014399045840539831
0.01472868171936654
0.014855372323159208
0.014002670395247479
0.014131331578531164
0.01376740862318176
0.014302368731574809
0.014143198530407661
0.013954557399166392
0.014115610992179272
0.013992484599510406
0.013926276560635008
0.013756354597020657
0.013933743548361546
0.014106380495619266
0.014192948098036838
0.014035691427899169
0.013937453699714325
0.014443468183596084
0.014087970606348615
0.01372993749348407
0.013475111190308916
0.013879350743236695
0.01419005776814958
0.014297825026702373
0.013812161090367652
0.013680580765643019
0.013797966030208355
0.01369624868273101
0.013760079312673274
0.013706270347725837
0.013321013328559856
0.01319737500570556
0.013552272513984366
0.01352294589927856
0.013210718916293154
0.013578735073988742
0.013383343300603806
0.013430801319315079
0.013541073518547607
0.013479138070598562
0.013397703006705071
0.01373600636787237
0.013774944013579095
0.012995234333929863
0.012951744720339775
0.013129591525710643
0.015725508193544884
0.013519542906037036
0.013169009317743017
0.01334699825879107
0.013207317845142902
0.01316536980819829
0.013043435825470915
0.013522780163491026
0.013082501002924239
0.013031032927175785
0.013202437635590421
0.013200212210575317
0.013326191264105605
0.012837188615602381
0.012898178672061321
0.012935378033905588
0.013054796514358926
0.013157863863446612
0.012839893513220423
0.013100254309779786
0.013596076161620464
0.01339760064048336
0.012789628428823136
0.012957800219350673
0.013639735414626751
0.013055416259993898
0.012631207268605841
0.01273011808541227
0.012654447036379196
0.012573063532088665
0.013018293544015985
0.01271525631718179
0.013197933006635371
0.012515878820038856
0.012578274777277987
0.01278970513413561
0.012507153080498918
0.01222258318770439
0.012357848993641264
0.012587579799459335
0.012419493512270298
0.012883069290918238
0.012772276343658883
0.012748743011120786
0.012244829372998247
0.012223733311637919
0.012736733765044111
0.012468836131565113
0.012304482664516631
0.012732837349176407
0.012531162041457409
0.012979526706832521
0.012502496289287476
0.016144773368030153
0.012880409136414528
0.012447426927850601
0.013053741801450861
0.012366794901800917
0.012337794745380574
0.012064029601343135
0.01206796109042269
0.012290596902528976
0.012321230995052673
0.01223543137708243
0.012182982737555149
0.01190310573958336
0.012191485514507648
0.012113835860757118
0.011817110821287682
0.011983080707648967
0.011912647317698661
0.011870034534404886
0.011927636538414246
0.012470502822481572
0.012179323690051728
0.011949476865219308
0.011971800449363728
0.01384564497052355
0.012386103002156349
0.012488323858285204
0.012417233885919794
0.01179644116695891
0.011882772134181032
0.011961927360042613
0.011723858086352653
0.011493972205418222
0.012098121654955631
0.012579112392949296
0.011954474441231565
0.011718552757767921
0.01202807753802614
0.011752463619601219
0.011819318392650878
0.011675180946575834
0.011819225319839538
0.015401445903835144
0.01161829909270114
0.011435235216421015
0.014186677879634057
0.011893306739945361
0.01134565587532013
0.011211692712249909
0.011570775584179037
0.011747043857232053
0.011738596285911316
0.011702387435163589
0.011260133474431139
0.01160407258554342
0.01174545880565618
0.011667562589207862
0.011488863802019586
0.011619889553874097
0.01141398717114266
0.011372697797227414
0.011295534392937701
0.012044366013179434
0.01187133890120907
0.011724336429479275
0.011223018248664571
0.0113236647337041
0.012337400756300763
0.011402376768912406
0.011486618224769197
0.011308013184114974
0.011411034858765755
0.011535923393007288
0.011297469780324622
0.011270815823623475
0.011278973416762149
0.011135746090811617
0.013383640174535995
0.011639690026640892
0.011312324831143339
0.011244849698182116
0.011299547600619336
0.011425414003748843
0.011063852624848802
0.011241263293839515
0.011461624756772468
0.010913672064371566
0.011107678426072952
0.01114332555060057
0.011136392507939897
0.011270474285838451
0.011386307352717886
0.012001065933640967
0.011207527263050384
0.011476690524277534
0.011356224167220135
0.011100274708835369
0.011131876485144838
0.011042010415583215
0.011143217715335654
0.011017347448208231
0.010930897608557914
0.01087852658585031
0.011092961250626027
0.01111029659179931
0.010917920322018736
0.010928604850902203
0.011362924874621504
0.010810673197216175
0.010773546260563618
0.01085557842111968
0.011637245027467292
0.011257087276812563
0.011078680825835846
0.011065935537694617
0.010938075807024824
0.0106770705550592
0.010728617297842148
0.01065872468926171
0.010533626964117618
0.010767786862685326
0.011192079118274629
0.011004483604684789
0.011133399851461674
0.010958748453475059
0.010859548589809144
0.010959870934961959
0.010850805690155384
0.010577494120027156
0.010779403387866121
0.012536908301742786
0.011084228674782084
0.010621772108084343
0.010716700787715455
0.010856746438335865
0.01076723343910689
0.010635809021744323
0.010465491880127725
0.010493723695424008
0.010253407298884493
0.01067344263750822
0.010378431469360565
0.010556979243584137
0.010588602559205065
0.010591097076998112
0.010416296389984323
0.010482658116899907
0.010594762049298337
0.010955909940790622
0.010612445685299152
0.010695312211805202
0.01081061490038608
0.010721866199944882
0.010325482352933985
0.013406314530429687
0.011087176072946254
0.01051187711430991
0.010371508889217326
0.010478047237909854
0.010060757933620443
0.01014522330320262
0.01011662179247496
0.009979317361053
0.010599747894609228
0.010682628232430904
0.010582625073321323
0.010277181368400442
0.01025379813731985
0.010264475156176598
0.010047060516761972
0.010150357129726005
0.01021973810535162
0.010061674909864335
0.010248257520985096
0.010092555386747451
0.01029696561237599
0.010211740263757553
0.010310139546686031
0.010387961237513005
0.010391750036084906
0.010078192946124585
0.01018433431361584
0.010175463545354122
0.010106731424147778
0.01013052937118931
0.01032414992756032
0.010218728789465224
0.010897976286867832
0.0103682228661281
0.010164338045139262
0.01012849510508649
0.010138458532697342
0.010336354454147054
0.010429760579891662
0.010470087263495364
0.01008000799474564
0.009934890341568501
0.010255564341044172
0.010117457466239625
0.010007509307816942
0.010045274814709704
0.010241658109775249
0.010552177641620027
0.010173255300268214
0.010286238381361707
0.009962005005713473
0.009962374304837368
0.010082654793687324
0.010022987770114808
0.009944189656922158
0.009901423284665067
0.009885368710185619
0.009724494882245013
0.00979912679325393
0.00995398508979285
0.010025157216698565
0.010098332836431391
0.010136396168394292
0.009950280427298647
0.009855688926070295
0.009866122810288947
0.010109525530579243
0.009819902618356208
0.01018410962709087
0.009890919115315092
0.009652342845467812
0.009897850493484356
0.009821645439939295
0.009954804336612529
0.009904005980872094
0.009809140730252925
0.009773945931265963
0.009665869374541527
0.009601754156198907
0.009690118735616511
0.009651208514387303
0.009575061480257106
0.009743182583058134
0.009742980941813043
0.009734387172663466
0.009841059829960478
0.00982022301313725
0.037338778693625264
0.024844491101325826
0.01927859534291511
0.016305685776503796
0.014886054329257062
0.013498022756043901
0.012718810858403115
0.012198197932795007
0.011628378816741579
0.011370333862748551
0.01120274838932017
0.010932020565613787
0.010777484625577927
0.011034758880417397
0.01093486924358505
0.010526702303360117
0.01025350207581799
0.010155632299311618
0.010285568582092194
0.01022856722169734
0.010031630621945604
0.009989161083989955
0.010048173645392377
0.010033460393389489
0.009806825521778553
0.009731496664437842
0.009963352411509828
0.009777386316118087
0.009708602060662938
0.009909149536744077
0.009677710962739396
0.009679410249945964
0.009586436852337198
0.009528203589960616
0.009460513103515544
0.00965143510318817
0.00956323338632888
0.009422654939934294
0.00952359092758691
0.00978492002220864
0.009840590978397968
0.009488612036914267
0.009603128154227075
0.009403225212813691
0.009345500412932101
0.009559587020664773
0.009457020842014476
0.009599464271772416
0.009815119008751625
0.009322608107740575
0.009410364216470972
0.009451427774384935
0.009406768954656225
0.009460909153394242
0.009642716695336586
0.009494505921735409
0.00967378234688906
0.009562821048212813
0.009368980283591342
0.00954066569659304
0.009833708821617543
0.009287529803336934
0.009340944541420074
0.009316241329020642
0.009182608270264686
0.009198712640778815
0.009276737459003925
0.00936967059177287
0.009426298907938157
0.009285348328821202
0.009453784377175443
0.009668561253458895
0.009329429252984677
0.009341598290236706
0.009487222622525184
0.00926032997271482
0.009430196215497686
0.009223472307178569
0.00916991975316976
0.009431474723238895
0.00926268653587458
0.009229248488678577
0.009324248166794473
0.009141072155313288
0.009150797283237285
0.009076399867363433
0.009106810105607864
0.00912552491385252
0.009484026898094949
0.009202426497606522
0.009336627980178975
0.009202649242224846
0.009285199634255246
0.009334313524688812
0.009348065156410349
0.009354821009997358
0.009154068702395926
0.009221615408487777
0.009082734525362228
0.009381169156032675
0.0090097603883515
0.009117780332552625
0.009026919154727713
0.008988616215263276
0.009065713000265842
0.009255050324854698
0.009528317092422476
0.00943435363947077
0.009119335859221346
0.009445870235720848
0.00980742557093184
0.009362847504622124
0.009020354995068083
0.008968710938983776
0.00887147244066
0.008945536700652
0.008937416400047058
0.009043700735461204
0.008946972879323554
0.009175270300437795
0.009162803537192498
0.008938990969290125
0.008961747023970523
0.00897351585011533
0.00883786449644794
0.008705521359088574
0.008773842648147269
0.008790853076634254
0.008932541065076564
0.009065708502175961
0.009141240447284059
0.009227500138606163
0.009353437104282226
0.008860268491379757
0.009208660315167396
0.009093695359819748
0.008920897551356478
0.008896841627961777
0.008579349442523844
0.008795940812597883
0.0088856762393992
0.009031450752406679
0.008799571761901074
0.009163615016385596
0.009051764482988956
0.008723032839120702
0.00902039175258672
0.008962484472926626
0.008880766901247044
0.008745982727788865
0.008855818850087358
0.008696322319434678
0.008869613600062562
0.008862863889241472
0.009021051921584505
0.009117679848791437
0.008736786234410519
0.008923315997929015
0.008909029450188292
0.008727577693284826
0.008671685775860827
0.008774103537360405
0.008770373174326216
0.008752020908162949
0.008998028973632671
0.008893023106328984
0.008835522755187876
0.008765126102940833
0.008835833460251068
0.008688315471753161
0.008722962078420406
0.008956611988709328
0.008848400251503954
0.008982360917837062
0.008865648940047051
0.008798455720410702
0.008991012131755656
0.008598762247315112
0.008801849321164984
0.008735693733584373
0.008786584686567175
0.008830502193341864
0.0086139704279126
0.008718263833446706
0.008665851931622687
0.008772149741491105
0.008823304516362382
0.008789037572259599
0.008935452696490796
0.008899983474390303
0.008593559265136719
0.008712120195652576
0.008491880498192411
0.008294498161511852
0.00839488246933894
0.008633206558829926
0.008583642106423987
0.008637179006287393
0.008620716789935498
0.008734195532792427
0.008500938521737748
0.00850687352345979
0.008701164552823026
0.00890131276893489
0.008753945852847809
0.00846744599217113
0.0086204551873689
0.008847632603917984
0.00860278941492768
0.008483587486788314
0.008417193738228463
0.009975907808922707
0.009208453363402093
0.009248840543342398
0.008685887454355017
0.008708632392610641
0.008526539697529787
0.00852629748430658
0.008284482470852263
0.008395245219481753
0.00834024425080799
0.008619897741269558
0.00832995982404719
0.008455274884212525
0.008447852609877257
0.008423647764039801
0.008467419290954762
0.009667983437155156
0.008790719481383233
0.008835971127561432
0.00861412534450597
0.008569514220382305
0.0086142643295387
0.008585851372001654
0.008446532529481549
0.00825060422512445
0.008415538540228884
0.008411450539418358
0.008406312115728221
0.008286242264303122
0.008345317214410355
0.008239472086759323
0.00816128309816122
0.008368830236190178
0.008528630615786669
0.008323218544667705
0.008355540045081301
0.008464629038613527
0.008460186451594246
0.008484487619964367
0.0086274401958477
0.008452315299593388
0.008245243532384964
0.008224841098281298
0.00831030746129282
0.008259415973294923
0.008550594184309878
0.00845588776382043
0.008361513399459581
0.008340912088355485
0.008924083407730498
0.008557557494954226
0.00844013463071686
0.008275251459092536
0.008270906254728424
0.008290179301687378
0.008550428280091666
0.00854753624608225
0.00843272336382181
0.008348876937351962
0.008312122420744692
0.008004927353814561
0.008579497096782669
0.008357245286807735
0.008273025211739414
0.008172023070460938
0.00821973919432531
0.008168842207561148
0.008115992564311687
0.008070811817541402
0.00814889678533407
0.008108240958461736
0.008109998344344662
0.008339427956479026
0.008198658123295358
0.008257373057781382
0.00816350925634516
0.008377607971271302
0.008179215268489528
0.008115336784419227
0.008084084709828838
0.008129697193966267
0.00818334420786259
0.008311360400724919
0.008339868590949064
0.008200519123768553
0.008156265855390341
0.008028424691725919
0.008004719817495726
0.008015563870047001
