0.11775729725969598
0.09232100955349334
0.0925492617361089
0.08899809959086966
0.08907298125485157
0.0862124576530558
0.08329136590374277
0.08248970578325555
0.08011711626610857
0.07969159664625818
0.07952999497981782
0.0780129537303397
0.07618296606109497
0.07480028160709015
0.07498548924922943
0.07592370598874193
0.07334850078567545
0.0739145132296897
0.07209575366466603
0.07078292957962827
0.07094944918409307
0.06963574268082355
0.06901765987277031
0.07002218424322758
0.06855694553319444
0.07060372124009943
0.0672095001853527
0.06533579544184055
0.06498317309516541
0.06464799089317626
0.06462872741704291
0.06372828757826318
0.06331250618429894
0.06439902237121095
0.0635481391973952
0.06118034087914102
0.0606409249470589
0.06050623430216566
0.060588092166692656
0.059280407397036855
0.06017188363252802
0.05918407519447043
0.06087599552058159
0.06090842900758094
0.06068857997021777
0.057364668934903246
0.05634077662166129
0.056528642773628235
0.05721653752187465
0.05484778608413453
0.05458962100934475
0.0540239598522795
0.0547362024638247
0.05442844481861338
0.052742522526928716
0.05257094809983639
0.05424112129084607
0.05251951071810215
0.05222852369572254
0.05264427536662589
0.05192604462834115
0.05123813513745653
0.05035374440411304
0.05080940067134005
0.04929391794065212
0.048999181373956355
0.04971316734209974
0.04926826979251618
0.05018272219186134
0.047806890641755244
0.04735760763287544
0.04740449627663227
0.047409862200630475
0.046992253353621095
0.04596896279365458
0.04877457062297679
0.0457112969077648
0.04535653640298133
0.04542655577050879
0.04472886659997575
0.0448344238895051
0.04688163894288083
0.044191404463762934
0.04453757222979627
0.043140510453822764
0.042723064806233065
0.0429056668059623
0.04356163407259799
0.04310211356967054
0.04286316195701031
0.04203747157403763
0.041697145618022756
0.043212377803122745
0.04101744333797313
0.04101244455322306
0.04080345212145055
0.040766837669813885
0.04021210588039236
0.04127665743865865
0.04045742964173885
0.04009241610765457
0.03949915189692314
0.03958066402280584
0.04113030251353345
0.04049130719392858
0.04004640782133062
0.03891796372989391
0.03797175418189232
0.037578817377699185
0.037241017327029655
0.03724252416732463
0.03740821945223403
0.03679634916021469
0.03706304697280235
0.0378335602581501
0.036644762263019034
0.03620374519774254
0.036443221125196906
0.03634648690832422
0.03583727832487289
0.035592018606814935
0.03643054879726248
0.035997240942843414
0.03503419145783211
0.034751828442862696
0.0346565214084818
0.03712809553488772
0.0346642228913434
0.033809296826415876
0.03390754993133088
0.03464238202952324
0.034461081701707336
0.033375144242606264
0.03290467737044426
0.03335018669988247
0.033369057316412314
0.03289004482645938
0.03273463181834271
0.03281011194624799
0.03302923562203316
0.03314694227214823
0.031690069256310766
0.0312535794887771
0.03197987595612698
0.03139824820484253
0.031185226316781754
0.030837227332782238
0.030446473192027274
0.030481241484905813
0.030222075218532946
0.02973897212204781
0.030198778085252072
0.02975569225530675
0.029456411389277338
0.030330301282253672
0.02968765949790782
0.029767483472824097
0.02968450334477932
0.030591558744298652
0.029747344196793882
0.02894046106078523
0.02842977000994885
0.02837972053663528
0.029228325140603046
0.028296892828446753
0.028793740977949286
0.0284482293782082
0.027931239693722826
0.028152186621693855
0.02693503425317876
0.027358676009672754
0.02729079341317745
0.026754454333097377
0.026970511936443918
0.027492601067778913
0.026944286051265736
0.026581100287272574
0.02647725021109936
0.026503792666691416
0.02637332539133569
0.026181483007174856
0.025974848168961544
0.025391942682735463
0.026364824437397592
0.02596767599436831
0.02562010145567833
0.02559153898123731
0.02519557902470548
0.024818763216125205
0.02486391785614034
0.024872984697527075
0.024678409376994094
0.024295661281398002
0.02524602159540704
0.024689695619522257
0.024743118779139317
0.024273322379969535
0.02614678085801449
0.026623103292064465
0.024246529220266544
0.02464869166625307
0.02390464038607922
0.02428600160365409
0.02352166457220595
0.02377927778883183
0.023064304698020854
0.02308952713266332
0.023113432835708273
0.02298027962604736
0.022511785889559602
0.023085238689437827
0.022379314566546297
0.022854557260870934
0.022468340761483983
0.022623522405294662
0.023839867099168452
0.02238042557493169
0.02212134546580467
0.022001922566522943
0.02181537813962774
0.021697535040847798
0.021962451173904093
0.022020547868723563
0.021573835904610917
0.02147172232891651
0.02181613179755972
0.021492222918474926
0.021533619969132098
0.021168962121009827
0.021464129672088522
0.021655818804147395
0.021178248278955196
0.02061082383102559
0.020779760316648382
0.021016063366798645
0.020722275520575806
0.02067507268424998
0.02060023619932063
0.02071919343731505
0.020890761840533702
0.019963775900133113
0.02041455869503478
0.02090946858392117
0.04367503662534217
0.03520582905633653
0.029210230652639207
0.026527718541787027
0.024794767036082896
0.023945153789951445
0.02317516010333883
0.022864522848357546
0.023994888436604054
0.022595086987031266
0.02238035836118333
0.021029851736223446
0.021590748762196684
0.02049291375628177
0.02077240893181334
0.020656082343230856
0.020419552248526127
0.020183176119276818
0.01970529056926991
0.02029775118732706
0.020140960574784178
0.0199457871866353
0.019771167651769964
0.01980849949920431
0.0196648147749774
0.01968936618179717
0.019666813195068786
0.019427921187053335
0.01938940299318192
0.019755305444940606
0.01933892951049703
0.01935981606390882
0.018792910263576407
0.019065955891571146
0.018863619800577772
0.01891393852519228
0.019100239619295648
0.018854734468016218
0.01886265792269656
0.01935610095871256
0.018601055514622242
0.018414031317893494
0.019150692573253143
0.018640819263268025
0.01848377786735271
0.018395697697997093
0.018429995256852596
0.018379898187010846
0.018462225992945915
0.01799256188121248
0.018399760364852052
0.01851187693945905
0.018783839142068902
0.017815405661438372
0.017745321101330695
0.01796065013300865
0.01777948427232022
0.017580604933677836
0.017350425666317025
0.01757759264016405
0.017995077641086377
0.01772170347419191
0.017153716705580975
0.017432798453150912
0.017583080904280887
0.017858689532000968
0.017758226259908777
0.017399215555571494
0.01744524171536273
0.017348242150817778
0.017532739550509352
0.017811831641704478
0.017310139069214782
0.017031850412170937
0.017046112051986632
0.016961190175819905
0.01682206984371581
0.016591682197882773
0.016652930587371613
0.016671237377251718
0.016622742122792182
0.016752821492387892
0.01761959342563406
0.017142663174804222
0.017065196337693548
0.01696162999785961
0.016666161193651087
0.016598728703374557
0.016222671922692593
0.0164472731424773
0.01638424786877759
0.016185638039036
0.01640858094980742
0.01649126485782735
0.016379889576358997
0.01658825366262426
0.01609091220938779
0.016366135646054086
0.01612941114271575
0.016291998941055003
0.01572230818899388
0.01590206032182942
0.015805875862690996
0.015966411818690757
0.015853272017804867
0.015913386016767075
0.016174233637433102
0.01590358204347022
0.015867849732650086
0.015808537166486395
0.015707592539330746
0.01567888858311988
0.015459550623881055
0.015477444600076117
0.019432028240345893
0.01726153784213548
0.01668160099615442
0.01602000776836847
0.015448008168568002
0.01553276169331784
0.015256696123074977
0.016106181639306088
0.015594271566481032
0.01545645684954968
0.01545391939184133
0.014993353073108704
0.015226854645508402
0.015044983516031124
0.014962478758806878
0.01478030162051003
0.014950557592067313
0.015034712474555411
0.015178220584354501
0.015260818751251444
0.015266004513869894
0.014923760330581919
0.014517293014424913
0.014840288662371482
0.014619230550337346
0.014887659394360602
0.014941105183134688
0.014719966422528662
0.01476093561963198
0.014893039743951026
0.01473167193855377
0.014951937118584805
0.015158952431792909
0.014822809877706336
0.01450439526679668
0.014480389515928765
0.01471773021795014
0.0151413887976966
0.014575669284355133
0.014624310934797246
0.014536194939245569
0.014520781847866291
0.014751018203319387
0.014709077874555233
0.014523316531422291
0.014319209362122607
0.014113863315829572
0.014370228243159486
0.014458272487242171
0.014227729607769784
0.01416349591330645
0.014124628156423569
0.014321492469691216
0.014070720510913971
0.01410856020656672
0.014407560268932201
0.014328476556755126
0.014436518377129068
0.014266868161552764
0.01427172675253229
0.014308530916558935
0.014348355300248937
0.014381287857256037
0.013978261342074009
0.014573761420522599
0.01426662671122145
0.014041752772445374
0.013998567443737325
0.013945917301672571
0.013950689834483127
0.014294374179332815
0.014041895661106769
0.013685810280607101
0.013796860173820182
0.014212073223229418
0.014220452926894452
0.013781402577111062
0.01413757851386958
0.013964694805760333
0.014313405062606994
0.013789881773768588
0.013497455778749699
0.013611414846270643
0.013392003986271137
0.01367623590804795
0.01362949817817896
0.013972578055046975
0.01398642178862653
0.013684385436329436
0.013237288598208986
0.013377675033630208
0.013378627479393432
0.013289293056314296
0.013379519230666314
0.01316242357914118
0.013394161048246192
0.013504238799214363
0.013458714424137106
0.013277795423377068
0.013142536453744198
0.013290269835356703
0.013485112881406825
0.01337311270230628
0.01290045052449754
0.013211125884442888
0.01334369949441641
0.013552367409810107
0.013482749442312312
0.013530264430223628
0.013310833893557812
0.013067977245342224
0.01309877513174681
0.013105210233876046
0.013171986835275559
0.013071107777192238
0.013357183281728562
0.013339802860579592
0.013387289235090956
0.013021023191036062
0.01294193177067853
0.013294429419205544
0.013202090668392943
0.012891326674280014
0.013086608630862641
0.013085732672442781
0.012916897760426744
0.01297927754832075
0.013037867269458924
0.013167062932823567
0.012909322699650805
0.013333120304060744
0.012642350979149342
0.012707771773033954
0.012633189796767336
0.012808835530217657
0.0128284918659545
0.013110666694317727
0.013078544090719933
0.01287051999664053
0.012947840477399369
0.012937367854124688
0.013063089684286017
0.013131146556995016
0.01300189013969391
0.012864432040047138
0.012922988649695478
0.01286738756251462
0.012938056121322703
0.012638895158120927
0.01262909219540814
0.012508761157539296
0.012384059680427642
0.012511374706283529
0.012495965875209646
0.012516323853521905
0.012433193624019623
0.012382377989273122
0.012684233070529521
0.012765130067759372
0.01248975813468086
0.012153139040666693
0.012317131055479354
0.012389192020797983
0.012303080588103608
0.012174901076929366
0.0125913240134399
0.01240853929614767
0.012553828708986019
0.012551642102288438
0.01243791001987584
0.012362609122027742
0.01217622864753642
0.012044714684499072
0.012133393951870025
0.011989955294956552
0.012028774841034666
0.01206747180920966
0.012415890363936729
0.012237522434046928
0.011959492228925228
0.012385971150658232
0.012504187967390456
0.01254813914048545
0.012257761401223375
0.012018759457513373
0.012407056313562901
0.011996192065008144
0.012104769296785618
0.012099667273937388
0.01266862285581041
0.01228256890193579
0.012616933481965928
0.01215369727938099
0.012206425018450047
0.01195175079826979
0.011760104804279957
0.011898277624648936
0.011916239805361058
0.011819782191293036
0.011921162756675102
0.011623495456544643
0.011719035757507415
0.01182913304643428
0.011913867548425147
0.011798182165527598
0.011805322397738061
0.011943243820458017
0.01174584124237299
0.01178259144913643
0.011923578746141271
0.01201144584078104
0.011878580033303575
0.012065852001467918
0.011935858174841454
0.012027314467791548
0.011842304186776597
0.012116743826327171
0.011886481334395866
0.01192573366805594
0.011894360283746365
0.011739788735483555
0.011743538794999427
0.011931340111062881
0.011753266815968017
0.011615300471795367
0.011692545971179262
0.01170334390344772
0.011760712264383093
0.011772668920457363
0.011776383966207504
0.011683603332556308
0.011678112868932968
0.011947098842009585
0.012026174826190826
0.01185535988275041
0.011673319529979787
0.011322771298124435
0.011459455429080953
0.011688161046898111
0.011651088840308342
0.01153083333864491
0.011442766703189687
0.011469886202285898
0.011345094565222872
0.011451371152825813
0.011443577310506334
0.011349686797946058
0.011410595809525631
0.011586293796117001
0.011382910363534664
0.011272679736956637
0.011569287746827653
0.011464008546256005
0.011561919340586408
0.011542928484367563
0.011462394108480595
0.01131405223636551
0.011498419904803976
0.011640048427309127
0.011565833649736769
0.011192761916429438
0.011286487862309243
0.01142158171043117
0.011234810040827761
0.011129545582894316
0.011058719650386496
0.011352445652827304
0.011112159653071394
0.012033568259249342
0.011212171590391626
0.011251362654915515
0.011218884365355715
0.01102069559249472
0.011180123770015036
0.011075749636647548
0.01094648957331764
0.011253049834928613
0.011052386022787145
0.011329680324551906
0.011454933362596847
0.011186736437710041
0.011171088890826448
0.01159916655655871
0.011369720398587115
0.011101847653217773
0.011178692485740844
0.011391261216015258
0.011171276106479321
0.010894979607868702
0.011044285696079122
0.010948127809357135
0.010886944354848658
0.010919211630491501
0.010894253453675737
0.010824738882799098
0.01067443366380448
0.010757779722359586
0.011021576504758063
0.011142081323456256
0.011003597025224503
0.01128820010877036
0.011107228775607778
0.011179546746326255
0.011298471625815047
0.011223012343683142
0.011167196953233252
0.011133398087893395
0.010909922044486441
0.010927872573758693
0.011006942553881635
0.011158329454508233
0.011077002146618163
0.010948435878975595
0.01079907161282732
0.010812463892742675
0.011007452859206403
0.010866473587428002
0.010721102792848932
0.010892201631151616
0.01085803552748675
0.010765989429931691
0.01115865965789937
0.010944454316446122
0.011021570797930372
0.010728462777556257
0.010992799073140672
0.010917670410522756
0.010841392317509397
0.01086905568917381
0.010830056833777022
0.010856347079289721
0.010700188656436635
0.010908577115611827
0.011032342455013002
0.010811001498331415
0.010775600738347844
0.010948979870436039
0.01053042876276564
0.010539489580278701
0.010466029292884026
0.010522232014448085
0.01071750568820441
0.01069307489756574
0.010633529877250499
0.010801604195953683
0.010887372505633122
0.010846247837105964
0.010791392957276486
0.010697210901119608
0.010684016160666943
0.010503145984988263
0.010583302719478912
0.010602477779413791
0.010705360072724362
0.010622146479943965
0.01044925137799471
0.010339614261496575
0.010261330139288243
0.01037228915919649
0.010641719967602416
0.01047064528424055
0.010462190539754451
0.010745741644913846
0.010380856435191124
0.010358693335760148
0.010277372507497351
0.010357541963458061
0.010282585199208969
0.010417932565224932
0.010562308112833095
0.010415032188943091
0.010523628998310008
0.010282167610018812
0.01027565106670273
0.010475796667185235
0.01056181669155968
0.010385895187550403
0.010431721667818566
0.010378129899184754
0.010451622188408324
0.010370291690243052
0.01034909835521211
0.010405775496458753
0.010296955585796783
0.010217544919949896
0.010361356739985181
0.010351351442489219
0.010540812474457508
0.010602250794305447
0.010438714770877615
0.01054926824934305
0.010439734291681584
0.010281782557672642
0.010497520023838003
0.01020603272271283
0.010369527332009153
0.010379204803958852
0.010354266680301503
0.01041435216494063
0.010343302516861165
0.010419364166545106
0.010457249259219524
0.010279068346828856
0.010067740158039205
0.010223268531262875
0.010180452224263486
0.010321694208269424
0.010277806741601609
0.01023248581096847
0.010000861031894988
0.009954898380377192
0.009918901930622597
0.010357395666552352
0.010296804909693433
0.010228216925517042
0.010304695332145437
0.010373763145601496
0.010337490013780747
0.01024366437675471
0.01019322265811423
0.009973914917320647
0.010064666852989096
0.010079224732645015
0.01019959773947584
0.010049330942491268
0.010037957452871699
0.010063144200025721
0.009864101661963666
0.010019311800282052
0.009858675122736617
0.009971036972042093
0.010006681698909465
0.01000547317906897
0.010170321178404575
0.010091432608029943
0.010208476790563857
0.01029537311021952
0.010216257812336404
0.010298626002003538
0.010229176623707122
0.009976941081596183
0.010244461014232736
0.01004280558133379
0.010020192355868663
0.010000432326280057
0.009969370023525775
0.009882767446973223
0.009988154027056186
0.010028994384598224
0.010061416933511166
0.010152861040006293
0.010205571559515405
0.010179242931623408
0.010056813723070825
0.010166553938959507
0.010110606122365657
0.01010369545126215
0.010170473281214846
0.009818471690758746
0.00987826018257344
0.009912505428841773
0.010141829425033102
0.009855817329693348
0.009934050942513538
0.009937010646024917
0.00985423927294447
0.009740796494991221
0.009809397953621884
0.009941726051112439
0.009727996199371968
0.009783335466017114
0.009875687770545483
0.009835991176201942
0.009783485488213122
0.009692138080742764
0.009613643301294205
0.009805490579852399
0.009724958601625675
0.009614651329181295
0.009733075830847659
0.009941001145288031
0.00994622620179298
0.009796163483344495
0.009860856656698471
0.009752413257956505
0.00979104858050321
0.009759616740840547
0.009862190746563547
0.009752804453068592
0.009845310802313876
0.009954561479389668
0.009736108692719582
0.009860686620974795
0.009660547658642556
0.00967531819689147
0.00984776747274272
0.009776441241673966
0.009782910426246358
0.0097516291437948
0.009500253648358457
0.00995239627329593
0.009904220185064256
0.009932172068573058
0.009991267497869247
0.009842150250172361
0.00969163576101369
0.009529537858164057
0.009445887851588269
0.009402871488573704
0.009562698074002215
0.00973722184116536
0.0095037657648642
0.009466582076980713
0.009421828440687757
0.009443875005904665
0.009534773258294197
0.009550173449865047
0.00948234274983406
0.009520984809607901
0.009702424340425654
0.009602563297177883
0.009505480309908694
0.009608225540277805
0.009494029778115292
0.009439584382988036
0.009686778339141227
0.009550532960194223
0.009591713587337352
0.009885391636573254
0.009642212413885493
0.009974151869562077
0.009734412655234337
0.00973740511355882
0.00959446085022485
0.009904662642548693
0.009545939716886966
0.009704683411945688
0.009452498537745881
0.009591812446237878
0.009509789380938449
0.009625168537047315
0.009368523360883936
0.009326099081242338
0.009374771286991048
0.00939503298240139
0.009316436114146355
0.009444716069451038
0.010578024201095104
0.009898097670458733
0.009332605459271594
0.009090282954275608
0.009350755707697665
0.009460361198859011
0.009508932901031159
0.009570006736891066
0.009529212945477759
0.009259165760050429
0.009489450663169648
0.009511059387884241
0.009342447141225034
0.009377970915049948
0.009403450057861652
0.00950122244180517
0.009403618349832422
0.00950234361547739
0.009401807779485875
0.009326460176801428
0.009323516920050408
0.00949423508520456
0.009476867544048645
0.009452307616618085
0.009426826967837964
0.009425491372004468
0.00936706562308555
0.009377963662623091
0.009037265316285986
0.008971094134006095
0.009152057699542096
0.009455107112831257
0.009607191534435495
0.009432360510084224
0.009278725297685633
0.00920118964178131
0.009445228891328294
0.009355220388858877
0.00918566358295527
0.009428164347055111
0.00928363312986937
0.009419783137421658
0.009242966018141584
0.009284904008691615
0.009180052522966203
0.009196972930209433
0.00946340856558465
0.0092100415061763
0.009213992156722445
0.009034503944852251
0.009133925582183169
0.009170753445397032
0.009290298447012901
0.00918982542575674
0.009320389776629336
0.009390561544197672
0.009212858281395536
0.008919912013918795
0.008979444411840844
0.009242097549933069
0.009103470699901276
0.00908250712413103
0.009026249652688808
0.009117711474128227
0.009150430441219756
0.00905807320266328
0.00904437881755702
0.009072689537672287
0.009109466356482911
0.008961511240836153
0.009079227521222956
0.009182725418755349
0.009155150819966134
0.009161135062892387
0.009085179564166577
0.009036850164386821
0.008998839204457211
0.008967477055464653
0.009240460601892877
0.009299747209916723
0.009117953974674357
0.008962340137742936
0.009092114786518382
0.009100418755824262
0.009192056815199395
0.009151418534840675
0.009064670949381716
0.009132819626718126
0.008962911038481175
0.008883150809622825
0.009156993055280218
0.008909299811150165
0.009222181652613144
0.009233381678449346
0.009123790791218585
0.008918632178547535